name: deeprl
channels:
- conda-forge
- defaults
- r
dependencies:
- blas=1.1=openblas
- bzip2=1.0.6=h470a237_2
- cairo=1.14.12=he56eebe_3
- cmake=3.12.1=h011004d_0
- curl=7.61.0=h93b3f91_2
- dbus=1.13.0=h3a4f0e9_0
- expat=2.2.5=hfc679d8_2
- ffmpeg=4.0.2=ha6a6e2b_0
- fontconfig=2.13.0=hd36ec8e_5
- freetype=2.8.1=hfa320df_1
- gettext=0.19.8.1=h5e8e0c9_1
- giflib=5.1.4=h470a237_1
- glib=2.55.0=h464dc38_2
- gmp=6.1.2=hfc679d8_0
- gnutls=3.5.19=h2a4e5f8_1
- graphite2=1.3.12=hfc679d8_1
- gst-plugins-base=1.12.5=hde13a9d_0
- gstreamer=1.12.5=h61a6719_0
- harfbuzz=1.8.5=h2bb21d5_0
- hdf5=1.10.2=hc401514_2
- icu=58.2=hfc679d8_0
- jasper=1.900.1=hff1ad4c_5
- jpeg=9c=h470a237_1
- krb5=1.14.6=0
- libgfortran=3.0.0=1
- libiconv=1.15=h470a237_3
- libpng=1.6.35=ha92aebf_2
- libssh2=1.8.0=h5b517e9_2
- libtiff=4.0.9=he6b73bb_2
- libuuid=2.32.1=h470a237_2
- libuv=1.22.0=h470a237_1
- libwebp=0.5.2=7
- libxcb=1.13=h470a237_2
- libxml2=2.9.8=h422b904_4
- mkl_fft=1.0.6=py36_0
- mkl_random=1.0.1=py36_0
- mpi=1.0=openmpi
- mpi4py=3.0.0=py36_openmpi_3
- nettle=3.3=0
- numpy=1.15.1=py36_blas_openblashd3ea46f_1
- openblas=0.2.20=8
- opencv=3.4.1=py36_blas_openblash829a850_201
- openh264=1.7.0=0
- openmpi=3.1.2=h26a2512_0
- pcre=8.41=hfc679d8_3
- pixman=0.34.0=h470a237_3
- pthread-stubs=0.4=h470a237_1
- qt=5.6.2=h50c60fd_8
- rhash=1.3.4=0
- x264=1!152.20180717=h470a237_0
- xorg-kbproto=1.0.7=h470a237_2
- xorg-libice=1.0.9=h470a237_4
- xorg-libsm=1.2.2=h8c8a85c_6
- xorg-libx11=1.6.6=h470a237_0
- xorg-libxau=1.0.8=h470a237_6
- xorg-libxdmcp=1.1.2=h470a237_7
- xorg-libxext=1.3.3=h470a237_4
- xorg-libxrender=0.9.10=h470a237_2
- xorg-renderproto=0.11.1=h470a237_2
- xorg-xextproto=7.3.0=h470a237_2
- xorg-xproto=7.0.31=h470a237_7
- absl-py=0.4.1=py36_0
- astor=0.7.1=py36_0
- backcall=0.1.0=py36_0
- ca-certificates=2018.03.07=0
- certifi=2018.8.24=py36_1
- cudatoolkit=9.2=0
- cudnn=7.2.1=cuda9.2_0
- cupti=9.2.148=0
- decorator=4.3.0=py36_0
- gast=0.2.0=py36_0
- grpcio=1.12.1=py36hdbcaa40_0
- intel-openmp=2018.0.3=0
- ipykernel=4.9.0=py36_0
- ipython=6.5.0=py36_0
- ipython_genutils=0.2.0=py36_0
- jedi=0.12.1=py36_0
- jupyter_client=5.2.3=py36_0
- jupyter_core=4.4.0=py36_0
- libedit=3.1.20170329=h6b74fdf_2
- libffi=3.2.1=hd88cf55_4
- libgcc-ng=8.2.0=hdf63c60_1
- libgfortran-ng=7.3.0=hdf63c60_0
- libopenblas=0.2.20=h9ac9557_7
- libprotobuf=3.6.0=hdbcaa40_0
- libsodium=1.0.16=h1bed415_0
- libstdcxx-ng=8.2.0=hdf63c60_1
- markdown=2.6.11=py36_0
- mkl=2018.0.3=1
- ncurses=6.1=hf484d3e_0
- numpy-base=1.14.3=py36h0ea5e3f_1
- openssl=1.0.2p=h14c3975_0
- parso=0.3.1=py36_0
- pexpect=4.6.0=py36_0
- pickleshare=0.7.4=py36_0
- pip=10.0.1=py36_0
- prompt_toolkit=1.0.15=py36_0
- protobuf=3.6.0=py36hf484d3e_0
- ptyprocess=0.6.0=py36_0
- pygments=2.2.0=py36_0
- python=3.6.6=hc3d631a_0
- python-dateutil=2.7.3=py36_0
- pyzmq=17.1.2=py36h14c3975_0
- readline=7.0=h7b6447c_5
- setuptools=40.2.0=py36_0
- simplegeneric=0.8.1=py36_2
- six=1.11.0=py36_1
- sqlite=3.24.0=h84994c4_0
- termcolor=1.1.0=py36_1
- tk=8.6.8=hbc83047_0
- tornado=5.1=py36h14c3975_0
- traitlets=4.3.2=py36_0
- wcwidth=0.1.7=py36_0
- werkzeug=0.14.1=py36_0
- wheel=0.31.1=py36_0
- xz=5.2.4=h14c3975_4
- zeromq=4.2.5=hf484d3e_1
- zlib=1.2.11=ha838bed_2
- pip:
  - cffi==1.11.5
  - chardet==3.0.4
  - click==6.7
  - cloudpickle==0.5.5
  - cython==0.28.5
  - dill==0.2.8.2
  - future==0.16.0
  - glfw==1.7.0
  - gym==0.10.5
  - idna==2.7
  - imageio==2.4.0
  - ipython-genutils==0.2.0
  - joblib==0.12.4
  - jupyter-client==5.2.3
  - jupyter-core==4.4.0
  - mkl-fft==1.0.6
  - mkl-random==1.0.1
  - opencv-python==3.4.2.17
  - pillow==5.2.0
  - progressbar2==3.38.0
  - prompt-toolkit==1.0.15
  - pycparser==2.18
  - pyglet==1.3.2
  - pyopengl==3.1.0
  - python-utils==2.3.0
  - requests==2.19.1
  - scipy==1.1.0
  - tensorboard==1.10.0
  - tensorflow==1.10.1
  - tqdm==4.25.0
  - urllib3==1.23
prefix: /opt/conda/envs/deeprl

